-0.827305
-0.493453
-0.541818
-0.289100
-0.229428
-0.225273
-0.331670
0.000925
-0.204049
-0.060543
-0.223092
-0.124905
-0.279266
-0.310088
-0.295182
-0.404405
-0.191358
-0.195171
-0.179790
-0.540307
-0.419387
-0.265429
-0.408183
-0.395006
-0.643381
-0.649019
-0.270769
-0.265517
-0.318052
-0.232262
-0.560519
-0.346988
0.116987
-0.439044
-0.224175
-0.361183
-0.143504
-0.217617
-0.066379
0.043140
-0.094277
0.015514
-0.150138
0.001889
-0.081970
0.172397
-0.166732
-0.382570
-0.064491
2.828085
-0.253145
-0.210878
-0.039906
-0.358408
0.071215
0.047398
0.043749
0.073421
-0.277787
0.087077
0.045268
-0.170785
-0.255462
0.105215
0.193179
0.006145
-0.062789
-0.193055
0.293459
0.227155
0.045286
-0.106350
0.085549
-0.334448
0.040796
0.234285
-0.064222
-0.025220
-0.031274
0.087879
0.183608
0.154238
-0.059984
-0.012867
0.219584
0.058010
-0.134515
-0.240931
0.138262
0.116230
0.381342
-0.009796
0.266619
0.034663
0.133821
0.458978
-0.020936
0.050678
0.140349
0.316773
0.125827
0.095566
0.058959
0.453821
0.327195
0.204552
0.187338
0.267787
0.427705
0.263717
0.268764
0.189866
0.667430
0.481545
0.228718
0.419626
0.334692
0.494231
0.508208
0.315651
0.382738
0.514498
0.488965
0.247947
0.259956
0.293468
0.127444
-0.062264
