-0.444192
-0.414561
-0.606710
-0.535512
-0.514792
-0.488718
-0.567990
-0.475984
-0.629262
-0.317975
-0.346737
-0.630813
-0.685409
-0.536345
-0.391837
-0.525007
-0.516701
-0.594325
-0.555934
-0.696865
-0.771679
-0.651534
-0.762197
-0.715434
-0.874988
-0.797560
-0.639914
-0.495810
-0.673287
-0.568528
-0.792850
-0.692246
-0.475676
-0.776323
-0.523485
-0.476929
-0.550617
-0.593863
-0.396555
-0.357972
-0.406657
-0.469345
-0.589308
-0.351361
-0.354325
-0.227675
-0.298552
0.173413
54.412917
114.621581
4.739945
-0.673678
-0.006781
-0.499964
-0.461621
-0.328759
-0.281796
-0.410457
-0.528115
-0.431506
-0.483513
-0.519901
-0.617665
-0.419534
-0.468321
-0.513682
-0.442792
-0.570168
-0.336284
-0.527249
-0.520580
-0.513487
-0.336492
-0.802536
-0.467177
-0.339478
-0.564208
-0.488188
-0.590029
-0.532866
-0.569965
-0.380447
-0.706690
-0.640529
-0.377214
-0.530624
-0.315857
-0.543228
-0.538326
-0.448582
-0.395182
-0.674471
-0.490812
-0.307478
-0.519826
-0.202474
-0.580882
-0.486321
-0.543352
-0.254973
-0.314210
-0.354456
-0.388018
-0.384431
-0.394353
-0.341100
-0.405368
-0.400762
-0.055161
-0.340937
-0.375046
-0.307033
-0.341525
-0.091170
-0.437064
-0.098232
-0.324014
-0.081438
-0.186262
-0.157178
-0.297914
-0.197002
-0.266520
-0.332915
-0.133957
-0.321280
-0.131995
-0.196020
