-0.514141
-0.322621
-0.460817
-0.408880
-0.099572
-0.044315
-0.242412
-0.027859
-0.058241
-0.166440
-0.274107
-0.119572
-0.110994
-0.490732
-0.251044
-0.099522
-0.105496
-0.232959
-0.146743
-0.352339
-0.243413
-0.321145
-0.565780
-0.236132
-0.350615
-0.391977
-0.364540
-0.221408
-0.437875
-0.159237
-0.395414
-0.392887
-0.143611
-0.540726
-0.323989
-0.216378
-0.161281
-0.301369
-0.108104
-0.017722
-0.009331
-0.032086
-0.373862
-0.094950
-0.159810
-0.203034
-0.681392
-1.604889
7.194504
41.921631
0.248194
-0.868987
-0.102628
-0.200344
-0.192445
-0.271304
0.078863
0.321472
-0.037754
-0.129325
-0.116342
-0.178466
-0.239318
0.248397
-0.058312
-0.065533
-0.068361
-0.142012
0.154683
0.092418
-0.012349
-0.246066
0.156636
-0.151342
-0.048964
-0.026266
-0.096056
-0.046033
-0.189917
-0.052750
-0.035957
-0.048330
-0.048827
-0.141456
0.133874
-0.151503
0.138445
-0.131864
-0.054301
0.054453
0.246557
-0.008511
0.001069
0.180753
0.057082
0.249480
0.067230
0.034800
0.145519
0.239136
0.144973
0.106626
0.114137
0.343177
0.334394
0.211835
0.080613
0.076262
0.522043
0.272938
0.283885
0.247029
0.313998
0.559745
0.180024
0.326807
0.352926
0.370645
0.263667
0.210014
0.322947
0.460829
0.383280
0.121262
0.315368
0.396657
0.349354
0.034395
