-0.418200
-0.391668
-0.604742
-0.494932
-0.413141
-0.565905
-0.729063
-0.441609
-0.589488
-0.353306
-0.481913
-0.547280
-0.537664
-0.730486
-0.412036
-0.603036
-0.563119
-0.534748
-0.536359
-0.806904
-0.751933
-0.623957
-0.817636
-0.672907
-0.786207
-0.726790
-0.668562
-0.519273
-0.687660
-0.672781
-0.788161
-0.620783
-0.546257
-0.651760
-0.619906
-0.526114
-0.561970
-0.564286
-0.441957
-0.434251
-0.301183
-0.359964
-0.600752
-0.319871
-0.375581
-0.211936
-0.426636
0.120540
54.584569
115.519869
4.759051
-0.676327
0.027050
-0.526203
-0.631014
-0.318222
-0.135375
-0.457122
-0.552210
-0.568126
-0.475219
-0.432414
-0.486129
-0.415035
-0.509966
-0.431214
-0.438082
-0.554648
-0.313948
-0.449117
-0.573068
-0.433088
-0.377882
-0.647011
-0.482672
-0.459049
-0.570673
-0.479714
-0.643434
-0.490633
-0.443806
-0.453053
-0.617393
-0.543211
-0.454641
-0.484212
-0.400115
-0.711340
-0.498006
-0.472070
-0.223953
-0.497146
-0.525592
-0.404784
-0.458542
-0.186219
-0.540322
-0.525765
-0.545921
-0.278436
-0.325585
-0.375982
-0.370463
-0.404281
-0.276187
-0.457584
-0.371893
-0.573378
-0.117581
-0.249578
-0.200685
-0.293427
-0.215458
-0.129726
-0.463526
-0.212746
-0.303649
-0.136047
-0.267927
-0.297546
-0.175583
-0.399411
-0.210225
-0.401307
-0.205232
-0.341788
-0.165336
-0.382151
