-0.314583
-0.454206
-0.669422
-0.556568
-0.587739
-0.557716
-0.721914
-0.509157
-0.597385
-0.460916
-0.438495
-0.617033
-0.587584
-0.684244
-0.390510
-0.588786
-0.561683
-0.672363
-0.519952
-0.782690
-0.668719
-0.765568
-0.796321
-0.695543
-0.954743
-0.833342
-0.638029
-0.603776
-0.695463
-0.620504
-0.718840
-0.713317
-0.528937
-0.699340
-0.651481
-0.543706
-0.501695
-0.657734
-0.511571
-0.414042
-0.373725
-0.352689
-0.444485
-0.358316
-0.429325
-0.211719
-0.422163
0.081200
54.926435
116.125989
4.681066
-0.925731
-0.111382
-0.482776
-0.457935
-0.286828
-0.310619
-0.358736
-0.444207
-0.542710
-0.601719
-0.464998
-0.515690
-0.445661
-0.453721
-0.442850
-0.406995
-0.632164
-0.404556
-0.507646
-0.427952
-0.480537
-0.427593
-0.750656
-0.489320
-0.511691
-0.553286
-0.562267
-0.538349
-0.551976
-0.450510
-0.458741
-0.379212
-0.559878
-0.376467
-0.455947
-0.407573
-0.620185
-0.637541
-0.432865
-0.278635
-0.503759
-0.439201
-0.465520
-0.387296
-0.154950
-0.375188
-0.579368
-0.549672
-0.403211
-0.271476
-0.418621
-0.428050
-0.374901
-0.291845
-0.497275
-0.430597
-0.441086
-0.208243
-0.233350
-0.238403
-0.295241
-0.135348
-0.173402
-0.395195
-0.158529
-0.316329
-0.224601
-0.230605
-0.239345
-0.196275
-0.205446
-0.082081
-0.316238
-0.148068
-0.263668
-0.214798
-0.250669
