-0.368370
-0.519862
-0.638229
-0.589190
-0.725352
-0.533422
-0.687592
-0.540882
-0.629173
-0.407628
-0.428264
-0.551883
-0.606380
-0.775817
-0.497313
-0.595542
-0.564464
-0.736068
-0.460891
-0.754449
-0.692596
-0.654403
-0.897901
-0.700255
-0.729850
-0.817174
-0.736672
-0.547474
-0.791010
-0.412506
-0.730630
-0.718051
-0.505723
-0.698224
-0.618175
-0.460546
-0.570490
-0.552766
-0.406361
-0.394822
-0.411450
-0.279505
-0.592230
-0.328223
-0.404033
-0.191597
-0.196272
0.076580
54.629693
116.513997
4.579613
-0.826474
-0.071169
-0.577513
-0.502599
-0.241708
-0.219669
-0.484353
-0.458920
-0.552389
-0.556454
-0.495760
-0.514616
-0.352610
-0.359576
-0.392808
-0.484616
-0.666934
-0.288446
-0.595420
-0.492659
-0.555338
-0.388348
-0.701590
-0.512126
-0.283592
-0.532225
-0.465160
-0.708954
-0.544959
-0.472301
-0.422425
-0.524004
-0.583698
-0.312361
-0.428799
-0.321518
-0.689869
-0.536489
-0.396684
-0.284554
-0.629665
-0.400145
-0.289324
-0.451033
-0.286536
-0.423085
-0.404425
-0.527536
-0.265019
-0.359091
-0.349397
-0.470868
-0.425713
-0.386567
-0.520951
-0.378472
-0.518797
-0.009175
-0.431935
-0.248302
-0.279043
-0.301060
-0.102216
-0.317334
-0.244090
-0.397084
-0.239341
-0.229398
-0.262032
-0.276101
-0.357038
-0.268758
-0.330983
-0.245725
-0.419281
-0.212659
-0.189645
