-0.237879
-0.521309
-0.730592
-0.578782
-0.563013
-0.485046
-0.651307
-0.523471
-0.686474
-0.324260
-0.511691
-0.720256
-0.586774
-0.648530
-0.426870
-0.472210
-0.607802
-0.626716
-0.548183
-0.599056
-0.679102
-0.717762
-0.838485
-0.576884
-0.886143
-0.741750
-0.787095
-0.525030
-0.799660
-0.657728
-0.771130
-0.701578
-0.593284
-0.639746
-0.615765
-0.436078
-0.499936
-0.606223
-0.492921
-0.321483
-0.491921
-0.371849
-0.547726
-0.446571
-0.408666
-0.090165
-0.288657
-0.031758
54.034939
116.912186
4.648911
-0.776198
-0.171721
-0.447318
-0.427194
-0.385073
-0.104167
-0.348122
-0.643265
-0.585112
-0.516002
-0.452355
-0.581096
-0.370975
-0.442019
-0.453251
-0.447350
-0.627601
-0.391845
-0.579011
-0.522051
-0.429008
-0.430847
-0.709055
-0.518698
-0.365211
-0.534612
-0.479759
-0.648590
-0.537342
-0.511598
-0.536001
-0.503487
-0.618127
-0.421747
-0.534216
-0.299151
-0.626496
-0.525954
-0.384127
-0.316950
-0.631108
-0.417558
-0.474639
-0.447554
-0.290145
-0.423523
-0.356745
-0.512002
-0.353503
-0.379569
-0.452899
-0.462473
-0.357208
-0.333020
-0.407612
-0.418949
-0.469400
-0.181523
-0.393470
-0.291661
-0.315553
-0.423297
-0.178573
-0.331695
-0.185653
-0.360560
-0.175888
-0.197909
-0.129871
-0.213460
-0.334558
-0.254207
-0.381355
-0.247369
-0.290806
-0.199213
-0.288898
