-0.400670
-0.490536
-0.627901
-0.678682
-0.562101
-0.604885
-0.722179
-0.517491
-0.607789
-0.457123
-0.385010
-0.643419
-0.668757
-0.669574
-0.279104
-0.560063
-0.531126
-0.623751
-0.473408
-0.763880
-0.669065
-0.725935
-0.878534
-0.796558
-0.790338
-0.779694
-0.696397
-0.651937
-0.828637
-0.571973
-0.789088
-0.751565
-0.510374
-0.691632
-0.660763
-0.517986
-0.485062
-0.464404
-0.509892
-0.395323
-0.442042
-0.523702
-0.494823
-0.271912
-0.469560
-0.168021
-0.212783
-0.000086
52.654752
117.427836
4.497066
-0.828113
-0.056886
-0.466110
-0.551054
-0.292251
-0.120129
-0.465847
-0.598433
-0.541092
-0.591989
-0.525201
-0.491140
-0.361091
-0.504943
-0.403276
-0.542101
-0.562634
-0.359968
-0.462143
-0.546145
-0.435911
-0.418949
-0.715022
-0.435791
-0.463976
-0.442823
-0.490664
-0.612646
-0.353693
-0.554698
-0.531010
-0.567296
-0.594203
-0.344911
-0.503266
-0.254107
-0.587592
-0.488063
-0.463092
-0.268030
-0.439350
-0.383626
-0.477840
-0.516434
-0.282167
-0.433456
-0.400837
-0.499071
-0.382539
-0.409643
-0.445937
-0.324626
-0.319330
-0.375056
-0.439637
-0.380022
-0.409513
-0.118730
-0.354603
-0.263741
-0.318551
-0.261719
-0.145798
-0.172911
-0.249709
-0.285770
-0.124088
-0.191985
-0.245559
-0.189641
-0.250820
-0.200352
-0.370530
-0.177444
-0.349858
-0.070406
-0.078387
