-0.119811
-0.372350
-0.694575
-0.675549
-0.516975
-0.611691
-0.583223
-0.550275
-0.541605
-0.380035
-0.408761
-0.728144
-0.494813
-0.695427
-0.439821
-0.573979
-0.569858
-0.576627
-0.472256
-0.739851
-0.738781
-0.623831
-0.938411
-0.615866
-0.755072
-0.786549
-0.709220
-0.595959
-0.729445
-0.537761
-0.857878
-0.699593
-0.576073
-0.681542
-0.524766
-0.430008
-0.496947
-0.530080
-0.382869
-0.315546
-0.400884
-0.390698
-0.539700
-0.350616
-0.307731
-0.043101
-0.355441
0.107241
50.273568
117.346380
4.734180
-0.782818
-0.118546
-0.511915
-0.468060
-0.349993
-0.185010
-0.507818
-0.708141
-0.596964
-0.720733
-0.396323
-0.604989
-0.496858
-0.625780
-0.440133
-0.480015
-0.613441
-0.413659
-0.576868
-0.510157
-0.489783
-0.390742
-0.745863
-0.544462
-0.368041
-0.414679
-0.493605
-0.545512
-0.480513
-0.418658
-0.460904
-0.610275
-0.552144
-0.404713
-0.404298
-0.476842
-0.642266
-0.506901
-0.355185
-0.281975
-0.324205
-0.340749
-0.299826
-0.532286
-0.285015
-0.443412
-0.340928
-0.341158
-0.308400
-0.399560
-0.360892
-0.358296
-0.441073
-0.288097
-0.431627
-0.313979
-0.363495
-0.122551
-0.318517
-0.246517
-0.295383
-0.250583
-0.090756
-0.221739
-0.179677
-0.340571
-0.182978
-0.098953
-0.289488
-0.156612
-0.169669
-0.173218
-0.251520
-0.076361
-0.183985
0.054635
0.009624
