-0.206524
-0.316087
-0.494202
-0.531148
-0.520478
-0.400502
-0.598549
-0.593788
-0.629978
-0.259893
-0.315466
-0.512727
-0.603133
-0.580911
-0.394460
-0.517531
-0.434513
-0.485160
-0.426804
-0.582360
-0.625327
-0.576265
-0.870602
-0.751923
-0.762378
-0.700928
-0.703501
-0.499462
-0.765797
-0.499286
-0.758245
-0.668843
-0.475713
-0.682898
-0.637068
-0.529436
-0.546399
-0.652508
-0.476330
-0.292002
-0.410480
-0.440311
-0.555113
-0.304331
-0.299219
-0.164831
-0.412193
0.296751
47.952521
117.585868
4.620396
-0.793269
-0.050619
-0.443583
-0.427648
-0.296759
-0.051990
-0.603259
-0.694592
-0.530415
-0.560402
-0.468702
-0.590358
-0.368611
-0.533370
-0.488635
-0.473620
-0.648817
-0.330504
-0.482442
-0.423644
-0.376439
-0.507328
-0.682243
-0.415191
-0.433539
-0.525104
-0.516056
-0.512995
-0.465941
-0.495144
-0.523379
-0.594663
-0.507570
-0.293439
-0.507626
-0.434525
-0.559891
-0.544379
-0.344723
-0.361518
-0.509547
-0.396094
-0.265476
-0.546853
-0.200855
-0.393969
-0.412367
-0.427529
-0.133332
-0.368203
-0.386441
-0.420965
-0.240949
-0.339656
-0.361205
-0.354527
-0.445905
-0.089476
-0.302160
-0.293318
-0.296155
-0.331124
-0.002661
-0.326324
-0.193478
-0.310283
0.016050
-0.178698
-0.156416
-0.166349
-0.098536
-0.044152
-0.144273
-0.191081
-0.129685
-0.023152
-0.075998
