-0.187984
-0.328490
-0.448876
-0.495702
-0.444990
-0.381111
-0.640260
-0.477370
-0.430791
-0.236294
-0.318968
-0.575236
-0.594703
-0.691555
-0.408881
-0.547128
-0.388146
-0.506697
-0.524267
-0.691082
-0.640088
-0.638850
-0.904409
-0.510861
-0.669281
-0.824555
-0.621275
-0.606897
-0.592682
-0.494987
-0.861953
-0.608548
-0.492267
-0.687569
-0.479869
-0.364151
-0.488043
-0.460288
-0.424847
-0.308444
-0.266948
-0.504630
-0.405887
-0.259719
-0.319598
-0.220012
-0.078976
0.213931
45.184850
117.673277
4.799952
-0.811950
-0.062603
-0.526050
-0.424306
-0.284114
0.049749
-0.428914
-0.564298
-0.675861
-0.509951
-0.570057
-0.554903
-0.485932
-0.509927
-0.511067
-0.544011
-0.567477
-0.198973
-0.478918
-0.387277
-0.426845
-0.315921
-0.642953
-0.342770
-0.294161
-0.442781
-0.458617
-0.582593
-0.411510
-0.354752
-0.490888
-0.572326
-0.588056
-0.249960
-0.584057
-0.475907
-0.506679
-0.461983
-0.371193
-0.182944
-0.535042
-0.409630
-0.346823
-0.430452
-0.291974
-0.379548
-0.278051
-0.340186
-0.230537
-0.261659
-0.296930
-0.381399
-0.320298
-0.268027
-0.462585
-0.378898
-0.379569
-0.087619
-0.342393
-0.141694
-0.278490
-0.232462
-0.095721
-0.188948
-0.068839
-0.165755
-0.125968
-0.191977
-0.246647
-0.149565
-0.138918
-0.135295
-0.173668
-0.297204
-0.208972
-0.039325
-0.037443
