-0.242286
-0.282727
-0.481959
-0.537834
-0.433947
-0.484745
-0.667006
-0.468225
-0.408541
-0.287316
-0.277062
-0.592051
-0.480650
-0.542724
-0.298091
-0.489941
-0.318018
-0.553608
-0.356305
-0.569009
-0.684794
-0.494951
-0.707614
-0.641553
-0.745029
-0.718586
-0.533319
-0.450016
-0.752532
-0.456771
-0.753928
-0.623565
-0.544072
-0.660745
-0.531781
-0.405060
-0.347043
-0.525220
-0.463734
-0.366229
-0.378804
-0.325741
-0.461864
-0.237776
-0.412549
-0.115367
-0.196374
0.306853
42.643741
117.788304
4.687294
-0.767447
-0.078976
-0.594915
-0.402149
-0.257354
-0.085162
-0.463361
-0.478129
-0.607750
-0.411950
-0.492141
-0.584886
-0.222791
-0.413831
-0.437035
-0.559885
-0.618273
-0.258704
-0.521594
-0.362001
-0.477867
-0.298663
-0.694665
-0.466472
-0.459822
-0.373635
-0.522379
-0.586395
-0.328415
-0.326632
-0.490743
-0.589000
-0.523978
-0.292589
-0.473095
-0.346757
-0.527339
-0.412848
-0.298998
-0.243672
-0.538809
-0.341431
-0.228615
-0.457169
-0.234855
-0.439140
-0.178849
-0.413680
-0.247262
-0.233476
-0.380623
-0.405150
-0.230900
-0.213731
-0.309328
-0.342741
-0.374184
0.004669
-0.257215
-0.197413
-0.273214
-0.121303
0.055558
-0.232521
-0.023604
-0.183340
0.014139
-0.085811
-0.284361
-0.014461
-0.114342
-0.120975
-0.175404
-0.200040
-0.137564
-0.093016
0.031645
