-0.217801
-0.238399
-0.528448
-0.402651
-0.348784
-0.453672
-0.671820
-0.422199
-0.494459
-0.168049
-0.258753
-0.441017
-0.561446
-0.517390
-0.425534
-0.428862
-0.369942
-0.518535
-0.357031
-0.698602
-0.624828
-0.597629
-0.745267
-0.560485
-0.498191
-0.754341
-0.669975
-0.450921
-0.717284
-0.436594
-0.721745
-0.733356
-0.467967
-0.591405
-0.554568
-0.482927
-0.502672
-0.384970
-0.271638
-0.356098
-0.321832
-0.381551
-0.422530
-0.206529
-0.264424
-0.047869
-0.168403
0.535871
40.064750
117.886168
4.778032
-0.759703
-0.020630
-0.391898
-0.387804
-0.137916
0.001939
-0.329801
-0.457081
-0.518601
-0.395873
-0.480098
-0.490711
-0.319645
-0.389671
-0.419978
-0.596786
-0.588087
-0.143759
-0.357853
-0.337897
-0.311776
-0.367601
-0.599845
-0.344453
-0.371813
-0.469515
-0.389420
-0.469350
-0.390179
-0.354634
-0.515592
-0.411206
-0.383903
-0.280560
-0.379068
-0.290875
-0.535306
-0.407792
-0.433915
-0.176668
-0.438945
-0.351285
-0.323620
-0.387281
-0.206963
-0.312367
-0.398649
-0.409771
-0.160364
-0.243425
-0.310588
-0.276363
-0.196102
-0.254748
-0.328481
-0.465467
-0.378140
-0.116335
-0.216295
-0.157557
-0.281216
-0.133324
-0.034552
-0.310345
-0.178433
-0.214536
-0.092735
-0.173730
-0.383256
-0.163343
-0.127521
0.001998
-0.161319
-0.257858
-0.097817
-0.064051
0.091662
