-0.683561
-0.478216
-0.423476
-0.485508
-0.379858
-0.301813
-0.437931
-0.227300
-0.080708
-0.192959
-0.380652
-0.219184
-0.170582
-0.448458
-0.331635
-0.389821
-0.215925
-0.331492
-0.296149
-0.497919
-0.427812
-0.515645
-0.637309
-0.421498
-0.673903
-0.617475
-0.491121
-0.471839
-0.522459
-0.344552
-0.430981
-0.533358
-0.208069
-0.591311
-0.348528
-0.406783
-0.267748
-0.320114
-0.182737
-0.205252
-0.179796
-0.293442
-0.561201
-0.239403
-0.263385
-0.152710
-0.595138
-1.118376
24.568085
71.707656
1.682397
-1.102427
-0.093202
-0.370001
-0.245972
-0.309820
-0.076853
-0.173700
0.001729
-0.298883
-0.253688
-0.319993
-0.423704
-0.074872
-0.230830
-0.202896
-0.215945
-0.370264
-0.110618
-0.221746
-0.226889
-0.310608
0.002268
-0.418662
-0.093551
-0.073706
-0.193548
-0.340284
-0.213365
-0.301109
-0.188607
-0.182734
-0.271110
-0.318858
0.075208
-0.207004
-0.182795
-0.431206
-0.165676
-0.041994
-0.029574
-0.265937
0.015512
-0.050593
-0.214232
0.135095
-0.183288
-0.205662
-0.082845
0.099744
0.078479
-0.008695
-0.126339
-0.023054
0.095951
-0.030584
-0.050777
-0.168226
0.257583
0.171625
0.161402
-0.084280
0.162585
0.382278
0.157386
0.071593
0.192459
0.192203
0.081120
0.181418
0.209504
0.179426
0.259777
0.046661
0.157759
0.162143
0.100893
-0.105987
