-0.742950
-0.519099
-0.431801
-0.542655
-0.467890
-0.440915
-0.450123
-0.373402
-0.408584
-0.227149
-0.479553
-0.391419
-0.244829
-0.642388
-0.340796
-0.391074
-0.421938
-0.406658
-0.442104
-0.702822
-0.516017
-0.547760
-0.702551
-0.472661
-0.665073
-0.691567
-0.636120
-0.577822
-0.646489
-0.339826
-0.637067
-0.607447
-0.316291
-0.549556
-0.399673
-0.452785
-0.298986
-0.502031
-0.341690
-0.391061
-0.313820
-0.212772
-0.322728
-0.235593
-0.358310
-0.094787
-0.356447
-0.770917
33.950954
85.681276
2.834074
-0.695992
0.145225
-0.572808
-0.371015
-0.301947
-0.115954
-0.239973
-0.211625
-0.464920
-0.208317
-0.370040
-0.407988
-0.196122
-0.385985
-0.204202
-0.296120
-0.396526
-0.122967
-0.272071
-0.277143
-0.331816
-0.122945
-0.384129
-0.266726
-0.036147
-0.340546
-0.280628
-0.298598
-0.231499
-0.384516
-0.242963
-0.352358
-0.328144
-0.212767
-0.306074
-0.247032
-0.414521
-0.147125
-0.196070
0.046949
-0.374848
-0.210463
-0.130753
-0.274500
0.057759
-0.336313
-0.316646
-0.199940
0.080304
-0.099714
-0.104926
-0.307280
-0.115358
-0.185940
-0.276564
-0.174863
-0.271286
0.177292
0.030346
-0.053647
-0.141448
-0.025523
0.095308
-0.034680
0.107199
0.016208
0.100939
-0.149669
-0.056648
0.000485
0.011342
0.004783
-0.103408
-0.039152
-0.107734
-0.058904
-0.246660
