-0.830882
-0.445735
-0.486932
-0.514949
-0.579098
-0.363140
-0.412472
-0.410498
-0.596392
-0.358287
-0.504956
-0.357401
-0.273932
-0.635604
-0.346139
-0.479258
-0.559902
-0.451824
-0.564262
-0.655084
-0.610069
-0.530126
-0.778630
-0.598797
-0.731382
-0.644901
-0.605389
-0.574158
-0.654730
-0.516912
-0.712021
-0.673671
-0.471225
-0.590881
-0.512840
-0.535136
-0.403109
-0.415364
-0.310977
-0.351447
-0.356013
-0.272072
-0.473056
-0.314859
-0.356724
-0.146302
-0.374125
-0.446923
40.319423
95.193669
3.519880
-0.699764
0.032905
-0.423272
-0.468152
-0.424241
0.078503
-0.250085
-0.411172
-0.415128
-0.402113
-0.378412
-0.514157
-0.281072
-0.373060
-0.381244
-0.241367
-0.593542
-0.234010
-0.470974
-0.199394
-0.402023
-0.277854
-0.474169
-0.312686
-0.225120
-0.428693
-0.412799
-0.504516
-0.300707
-0.258868
-0.382002
-0.524303
-0.426269
-0.165790
-0.427212
-0.363078
-0.449732
-0.338050
-0.330079
-0.222985
-0.369252
-0.345428
-0.230860
-0.366547
-0.120100
-0.244601
-0.291992
-0.285053
-0.065599
-0.216575
-0.345789
-0.268543
-0.195317
-0.182016
-0.292603
-0.330900
-0.215603
0.225168
-0.232357
-0.125623
-0.178656
-0.138453
0.062358
-0.051740
-0.100798
-0.033666
0.043915
-0.097997
-0.109580
-0.120484
0.018228
-0.046189
-0.105564
0.050536
-0.036915
-0.027346
-0.402077
