-0.725838
-0.493852
-0.488329
-0.585252
-0.393752
-0.406523
-0.481891
-0.506097
-0.306559
-0.343696
-0.451272
-0.424955
-0.302664
-0.562138
-0.431444
-0.427765
-0.572436
-0.475282
-0.501783
-0.606545
-0.570634
-0.577467
-0.819151
-0.742312
-0.690839
-0.725232
-0.863671
-0.668419
-0.622334
-0.506405
-0.783605
-0.729079
-0.451840
-0.668223
-0.658311
-0.512609
-0.423695
-0.527912
-0.430479
-0.227985
-0.431496
-0.410408
-0.522328
-0.393173
-0.276168
0.011201
-0.294350
-0.225057
44.841957
101.097315
3.956054
-0.778704
-0.091256
-0.540556
-0.406723
-0.321658
-0.305416
-0.554538
-0.313295
-0.586516
-0.569580
-0.512754
-0.504661
-0.308666
-0.410653
-0.359879
-0.263930
-0.574168
-0.265526
-0.479554
-0.411706
-0.543275
-0.261708
-0.570664
-0.386262
-0.373659
-0.452329
-0.459256
-0.406242
-0.553946
-0.448313
-0.441611
-0.590888
-0.514697
-0.200452
-0.400867
-0.393627
-0.437201
-0.418676
-0.311728
-0.134733
-0.424768
-0.465048
-0.285348
-0.438136
-0.186697
-0.336048
-0.348470
-0.347663
-0.087138
-0.176390
-0.368472
-0.285149
-0.332725
-0.305656
-0.313241
-0.220642
-0.437986
0.029689
-0.203188
-0.111420
-0.106268
-0.055358
-0.030263
-0.176427
-0.125366
-0.197333
-0.086459
-0.155527
-0.109246
-0.081227
-0.013346
-0.076791
-0.128060
-0.002088
-0.152419
-0.163662
-0.296481
