-0.529687
-0.513397
-0.469024
-0.589761
-0.474142
-0.334290
-0.579508
-0.493580
-0.500871
-0.262328
-0.522786
-0.440510
-0.487079
-0.531747
-0.433115
-0.553193
-0.542044
-0.509923
-0.494363
-0.706203
-0.691155
-0.708000
-0.703782
-0.579925
-0.738169
-0.686965
-0.724419
-0.562119
-0.734814
-0.483008
-0.775219
-0.644869
-0.560366
-0.568873
-0.586942
-0.484233
-0.528188
-0.486328
-0.373973
-0.483436
-0.356125
-0.359043
-0.598761
-0.362748
-0.478573
-0.068245
-0.348694
-0.032652
47.633636
105.013058
4.371155
-0.641449
-0.053905
-0.421266
-0.477255
-0.309154
-0.119190
-0.455006
-0.546466
-0.550182
-0.423204
-0.559361
-0.512196
-0.316251
-0.286275
-0.352460
-0.366592
-0.580742
-0.208039
-0.450101
-0.488186
-0.574821
-0.269202
-0.659135
-0.368851
-0.493120
-0.483884
-0.486744
-0.547699
-0.400666
-0.445817
-0.454232
-0.534403
-0.564166
-0.345936
-0.390391
-0.347172
-0.655600
-0.497103
-0.272498
-0.227098
-0.484280
-0.425685
-0.445888
-0.402654
-0.133399
-0.410534
-0.336111
-0.413222
-0.297597
-0.292791
-0.298108
-0.363568
-0.334321
-0.273246
-0.304859
-0.398217
-0.443555
-0.023926
-0.313634
-0.223814
-0.186814
-0.236621
-0.144822
-0.191038
-0.067051
-0.244832
-0.106190
-0.159161
-0.148076
-0.106841
-0.219811
-0.074389
-0.298549
-0.042756
-0.222959
-0.255253
-0.486765
