-0.516874
-0.462753
-0.508119
-0.602958
-0.362654
-0.452276
-0.572555
-0.467748
-0.573956
-0.292561
-0.459043
-0.446638
-0.499136
-0.643917
-0.333311
-0.471465
-0.593211
-0.637037
-0.385599
-0.586403
-0.729208
-0.614174
-0.768894
-0.599069
-0.777385
-0.694045
-0.669564
-0.639162
-0.665981
-0.474016
-0.692334
-0.805717
-0.474513
-0.643928
-0.645970
-0.673045
-0.457351
-0.423582
-0.332173
-0.388593
-0.492102
-0.409913
-0.513040
-0.328927
-0.398816
-0.149331
-0.194899
0.130701
50.112698
108.372303
4.564739
-0.628553
-0.209823
-0.492404
-0.344526
-0.226364
-0.245309
-0.497142
-0.480557
-0.402388
-0.535276
-0.635324
-0.482273
-0.213411
-0.386169
-0.503305
-0.518352
-0.436989
-0.297118
-0.515297
-0.396456
-0.501162
-0.362154
-0.748171
-0.419991
-0.441107
-0.583870
-0.465864
-0.539970
-0.389855
-0.577826
-0.434183
-0.588485
-0.438515
-0.337000
-0.542312
-0.435138
-0.618815
-0.505247
-0.509248
-0.194262
-0.556422
-0.374808
-0.430892
-0.496647
-0.342293
-0.544534
-0.496979
-0.453323
-0.287735
-0.325897
-0.300169
-0.481668
-0.336572
-0.235439
-0.471908
-0.279273
-0.395767
-0.114752
-0.277909
-0.331820
-0.274748
-0.230818
-0.151906
-0.233027
-0.169039
-0.385897
-0.122344
-0.255144
-0.295831
-0.219864
-0.243041
-0.031726
-0.291749
-0.071739
-0.328199
-0.168512
-0.400156
