-0.492963
-0.493775
-0.591186
-0.600047
-0.537460
-0.531340
-0.680600
-0.519783
-0.622994
-0.320705
-0.424207
-0.531737
-0.552183
-0.634953
-0.294362
-0.566482
-0.547373
-0.652077
-0.546616
-0.743393
-0.662370
-0.635383
-0.858821
-0.694088
-0.766740
-0.727147
-0.598655
-0.603373
-0.820849
-0.452365
-0.776357
-0.767869
-0.563566
-0.716975
-0.490278
-0.564356
-0.557301
-0.554675
-0.444285
-0.266853
-0.379296
-0.452063
-0.382142
-0.268137
-0.340019
-0.063556
-0.292147
0.244473
52.149839
111.254914
4.877409
-0.658741
-0.076116
-0.523397
-0.337607
-0.332422
-0.170594
-0.328304
-0.642499
-0.386513
-0.398577
-0.586461
-0.587288
-0.344492
-0.409359
-0.432545
-0.416495
-0.649860
-0.411239
-0.582261
-0.483423
-0.379328
-0.185489
-0.633454
-0.291216
-0.474421
-0.556038
-0.551994
-0.647810
-0.570800
-0.400101
-0.455317
-0.614433
-0.559489
-0.405115
-0.503497
-0.377401
-0.564918
-0.558414
-0.354558
-0.250319
-0.516455
-0.453887
-0.490128
-0.361837
-0.339283
-0.438711
-0.419351
-0.466451
-0.259021
-0.411842
-0.289368
-0.408817
-0.299677
-0.467231
-0.456019
-0.503220
-0.354849
-0.199985
-0.236870
-0.294966
-0.260897
-0.245756
-0.143105
-0.396061
-0.288952
-0.253068
-0.199371
-0.170349
-0.150073
-0.180942
-0.163088
-0.205484
-0.293851
-0.268563
-0.327163
-0.194607
-0.455281
