-0.216128
-0.334666
-0.588661
-0.560793
-0.509048
-0.415905
-0.675136
-0.458502
-0.554639
-0.277223
-0.403984
-0.648117
-0.587720
-0.646462
-0.421950
-0.520166
-0.496078
-0.574665
-0.513297
-0.664069
-0.583145
-0.629005
-0.893367
-0.822517
-0.702261
-0.721679
-0.741272
-0.609998
-0.626756
-0.529823
-0.748115
-0.796445
-0.475359
-0.658576
-0.601775
-0.489045
-0.514044
-0.465266
-0.461803
-0.583279
-0.410920
-0.352842
-0.587764
-0.346736
-0.536545
-0.163985
-0.206832
0.284646
53.351671
113.257125
4.881422
-0.554234
-0.010797
-0.416116
-0.468169
-0.302148
-0.169077
-0.478923
-0.578339
-0.631948
-0.506963
-0.564251
-0.661883
-0.390989
-0.518755
-0.466094
-0.417127
-0.603528
-0.253873
-0.536922
-0.616024
-0.473002
-0.312876
-0.698970
-0.415644
-0.453097
-0.480717
-0.542601
-0.565575
-0.602290
-0.453716
-0.478962
-0.644232
-0.635091
-0.401761
-0.585023
-0.375016
-0.472719
-0.500005
-0.487937
-0.393797
-0.489136
-0.615385
-0.400871
-0.433454
-0.260014
-0.508350
-0.505694
-0.558895
-0.258589
-0.404544
-0.441768
-0.283551
-0.339270
-0.405947
-0.508447
-0.427936
-0.523356
-0.124549
-0.389471
-0.167752
-0.242480
-0.394382
-0.199693
-0.326599
-0.201621
-0.334588
-0.242882
-0.190930
-0.220584
-0.269437
-0.220718
-0.211144
-0.370430
-0.181218
-0.369753
-0.151364
-0.308337
